132 766 45 1
45 0 82
45 1 83
45 2 47
45 3 81
82 1 131
82 2 122
82 3 125
82 4 34
82 5 129
82 6 128
82 7 130
82 8 127
82 9 126
131 0 115
131 1 119
122 0 102
122 1 116
102 1 86
102 2 88
102 3 84
102 4 90
102 5 91
102 6 6
102 7 79
102 8 80
102 9 87
125 0 105
125 1 110
105 1 91
105 2 6
105 3 79
105 4 80
105 5 87
105 6 85
105 7 89
105 8 86
105 9 88
44 1 87
44 2 85
44 3 89
44 4 86
44 5 88
44 6 84
44 7 90
44 8 91
44 9 6
87 0 53
87 1 56
87 2 41
87 3 65
87 4 59
87 5 60
87 6 52
87 7 54
87 8 61
87 9 58
128 0 109
128 1 114
127 0 111
127 1 108
83 0 130
83 1 127
83 2 126
83 3 124
83 4 123
83 5 131
83 6 122
83 7 125
83 8 34
83 9 129
113 1 85
113 2 89
113 3 86
113 4 88
113 5 84
113 6 90
113 7 91
113 8 6
113 9 79
111 1 84
111 2 90
111 3 91
111 4 6
111 5 79
111 6 80
111 7 87
111 8 85
111 9 89
126 0 106
126 1 120
106 1 79
106 2 80
106 3 87
106 4 85
106 5 89
106 6 86
106 7 88
106 8 84
106 9 90
124 0 104
124 1 118
103 1 90
103 2 91
103 3 6
103 4 79
103 5 80
103 6 87
103 7 85
103 8 89
103 9 86
115 1 80
115 2 87
115 3 85
115 4 89
115 5 86
115 6 88
115 7 84
115 8 90
115 9 91
91 0 59
91 1 60
91 2 52
91 3 54
91 4 61
91 5 58
91 6 51
91 7 53
91 8 56
91 9 41
34 0 44
34 1 121
129 0 112
129 1 43
112 1 88
112 2 84
112 3 90
112 4 91
112 5 6
112 6 79
112 7 80
112 8 87
112 9 85
47 0 125
47 1 34
47 2 129
47 3 128
47 4 130
47 5 127
47 6 126
47 7 124
47 8 123
47 9 46
109 1 6
109 2 79
109 3 80
109 4 87
109 5 85
109 6 89
109 7 86
109 8 88
109 9 84
130 0 113
130 1 117
104 1 89
104 2 86
104 3 88
104 4 84
104 5 90
104 6 91
104 7 6
104 8 79
104 9 80
123 0 103
123 1 107
46 0 5
46 1 119
5 1 80
5 2 12
5 3 85
5 4 89
5 5 86
5 6 88
5 7 84
5 8 90
5 9 91
81 0 92
81 1 49
92 0 50
92 1 118
50 1 89
50 3 88
50 4 84
50 5 90
50 6 91
50 7 6
50 8 79
50 9 80
49 0 48
49 1 42
48 1 90
48 3 6
48 5 80
48 7 85
48 8 89
79 0 41
79 1 65
79 2 59
79 3 60
79 4 52
79 5 54
79 6 61
79 7 58
79 8 51
79 9 53
85 0 51
85 1 53
85 2 56
85 3 41
85 4 65
85 5 59
85 6 60
85 7 52
85 8 54
85 9 61
6 0 65
6 1 59
6 2 60
6 3 52
6 4 54
6 5 61
6 6 58
6 7 51
6 8 53
6 9 56
80 0 56
80 1 41
80 2 65
80 3 59
80 4 60
80 5 52
80 6 54
80 7 61
80 8 58
80 9 51
88 0 54
88 1 61
88 2 58
88 3 51
88 4 53
88 5 56
88 6 41
88 7 65
88 8 59
88 9 60
90 0 60
90 1 52
90 2 54
90 3 61
90 4 58
90 5 51
90 6 53
90 7 56
90 8 41
90 9 65
43 0 90
43 1 91
43 2 6
117 0 86
117 1 88
117 2 84
107 0 6
107 1 79
107 2 80
116 0 84
116 1 90
116 2 91
110 0 79
110 1 80
110 2 87
121 0 89
121 1 86
121 2 88
114 0 80
114 1 87
114 2 85
108 0 91
108 1 6
108 2 79
120 0 87
120 1 85
120 2 89
119 0 85
119 1 89
119 2 86
118 0 88
118 1 84
118 2 90
42 0 6
42 2 80
89 0 58
89 1 51
89 2 53
89 3 56
89 4 41
89 5 65
89 6 59
89 7 60
89 8 52
89 9 54
86 0 61
86 1 58
86 2 51
86 3 53
86 4 56
86 5 41
86 6 65
86 7 59
86 8 60
86 9 52
84 0 52
84 1 54
84 2 61
84 3 58
84 4 51
84 5 53
84 6 56
84 7 41
84 8 65
84 9 59
12 0 67
12 1 55
12 2 71
12 3 64
12 4 63
12 5 66
12 6 62
12 7 70
12 8 69
12 9 57
67 0 72
67 4 14
67 8 20
14 2 15
14 3 32
14 4 3
14 5 36
14 6 33
14 7 7
14 8 24
14 9 31
61 0 10
61 1 23
61 2 26
61 3 19
61 4 17
61 5 14
61 6 27
61 7 22
61 8 13
61 9 20
41 0 20
41 1 18
41 2 10
41 3 23
41 4 26
41 5 19
41 6 17
41 7 14
41 8 27
41 9 22
56 0 14
56 1 27
56 2 22
56 3 13
56 4 20
56 5 18
56 6 10
56 7 23
56 8 26
56 9 19
54 0 22
54 1 13
54 2 20
54 3 18
54 4 10
54 5 23
54 6 26
54 7 19
54 8 17
54 9 14
55 2 22
55 6 10
36 1 37
36 2 25
36 3 16
36 4 8
36 5 30
36 6 2
36 7 29
36 8 21
36 9 11
35 0 30
35 1 2
35 2 29
35 3 21
35 4 11
35 5 4
35 7 37
35 8 25
35 9 16
7 0 16
7 1 8
7 2 30
7 3 2
7 4 29
7 5 21
7 6 11
7 7 4
7 9 37
37 8 1
24 0 4
24 2 37
24 3 25
24 4 16
24 5 8
24 6 30
24 7 2
24 8 29
24 9 21
25 6 1
29 7 1
71 0 20
71 4 26
71 8 27
1 0 0
1 8 0
1 9 0
64 2 17
64 6 13
63 0 27
63 4 18
63 8 19
9 0 25
9 1 16
9 2 8
9 3 30
9 4 2
9 5 29
9 6 21
9 7 11
9 8 4
30 0 1
21 5 1
15 0 37
15 1 25
15 2 16
15 3 8
15 4 30
15 5 2
15 6 29
15 7 21
15 8 11
15 9 4
10 2 9
10 3 28
10 4 35
10 5 15
10 6 32
10 7 3
10 8 36
10 9 33
53 0 23
53 1 26
53 2 19
53 3 17
53 4 14
53 5 27
53 6 22
53 7 13
53 8 20
53 9 18
52 0 19
52 1 17
52 2 14
52 3 27
52 4 22
52 5 13
52 6 20
52 7 18
52 8 10
52 9 23
65 0 26
65 1 19
65 2 17
65 3 14
65 4 27
65 5 22
65 6 13
65 7 20
65 8 18
65 9 10
51 0 13
51 1 20
51 2 18
51 3 10
51 4 23
51 5 26
51 6 19
51 7 17
51 8 14
51 9 27
8 2 1
59 0 27
59 1 22
59 2 13
59 3 20
59 4 18
59 5 10
59 6 23
59 7 26
59 8 19
59 9 17
11 3 1
66 2 23
66 6 14
4 1 1
16 4 1
31 0 2
31 1 29
31 2 21
31 3 11
31 4 4
31 6 37
31 7 25
31 8 16
31 9 8
20 2 28
20 3 35
20 4 15
20 5 32
20 6 3
20 7 36
20 8 33
20 9 7
18 2 36
18 3 33
18 4 7
18 5 24
18 6 31
18 7 9
18 8 28
18 9 35
62 0 19
62 4 22
62 8 10
58 0 17
58 1 14
58 2 27
58 3 22
58 4 13
58 5 20
58 6 18
58 7 10
58 8 23
58 9 26
28 0 11
28 1 4
28 3 37
28 4 25
28 5 16
28 6 8
28 7 30
28 8 2
28 9 29
32 0 21
32 1 11
32 2 4
32 4 37
32 5 25
32 6 16
32 7 8
32 8 30
32 9 2
3 0 8
3 1 30
3 2 2
3 3 29
3 4 21
3 5 11
3 6 4
3 8 37
3 9 25
2 9 1
33 0 29
33 1 21
33 2 11
33 3 4
33 5 37
33 6 25
33 7 16
33 8 8
33 9 30
19 2 32
19 3 3
19 4 36
19 5 33
19 6 7
19 7 24
19 8 31
19 9 9
60 0 18
60 1 10
60 2 23
60 3 26
60 4 19
60 5 17
60 6 14
60 7 27
60 8 22
60 9 13
70 2 20
70 6 26
69 0 10
69 4 17
69 8 13
26 2 31
26 3 9
26 4 28
26 5 35
26 6 15
26 7 32
26 8 3
26 9 36
27 2 7
27 3 24
27 4 31
27 5 9
27 6 28
27 7 35
27 8 15
27 9 32
23 2 3
23 3 36
23 4 33
23 5 7
23 6 24
23 7 31
23 8 9
23 9 28
22 2 35
22 3 15
22 4 32
22 5 3
22 6 36
22 7 33
22 8 7
22 9 24
57 2 27
57 6 18
13 2 33
13 3 7
13 4 24
13 5 31
13 6 9
13 7 28
13 8 35
13 9 15
17 2 24
17 3 31
17 4 9
17 5 28
17 6 35
17 7 15
17 8 32
17 9 3
72 2 78
72 3 75
72 4 76
72 5 73
72 6 74
72 7 38
72 8 77
72 9 40
78 0 97
78 1 94
78 2 39
78 3 101
78 4 100
78 5 93
78 6 95
78 8 96
78 9 98
96 8 68
75 1 96
75 2 98
75 3 99
75 4 97
75 5 94
75 6 39
75 7 101
75 8 100
75 9 93
99 4 68
93 3 68
76 0 101
76 1 100
76 2 93
76 3 95
76 5 96
76 6 98
76 7 99
76 8 97
76 9 94
100 5 68
95 1 68
73 0 99
73 1 97
73 2 94
73 3 39
73 4 101
73 5 100
73 6 93
73 7 95
73 9 96
97 2 68
101 7 68
74 0 95
74 2 96
74 3 98
74 4 99
74 5 97
74 6 94
74 7 39
74 8 101
74 9 100
94 0 68
39 9 68
38 0 39
38 1 101
38 2 100
38 3 93
38 4 95
38 6 96
38 7 98
38 8 99
38 9 97
77 0 98
77 1 99
77 2 97
77 3 94
77 4 39
77 5 101
77 6 100
77 7 93
77 8 95
98 6 68
68 0 0
40 0 93
40 1 95
40 3 96
40 4 98
40 5 99
40 6 97
40 7 94
40 8 39
40 9 101
0
